0 19 49 55 21 25 37 48 58 70 42 38 38 55 74 19 50 14 52 58 30 31 32 41 43 60 54 28 59 35 42 50 69 32 39 53 42 91 38 22 78 60 23 27 28 33 64 54 37 19 31 77 61 71 49 57 54 61 55 26 60 65 27 55 56 32 69 19 9 71 41 33 15 55 54 31 64 25 80 7 31 52 34 36 43 40 56 29 60 60 62 65 31 16 24 61 39 67 18 1
19 0 39 37 29 28 41 32 48 70 34 56 20 36 77 9 43 11 46 61 14 14 44 50 36 48 53 42 41 27 41 32 50 17 47 51 26 74 34 41 62 57 32 46 15 21 45 47 51 33 32 61 45 52 42 43 50 42 38 44 43 48 46 38 58 33 50 25 18 54 23 51 14 37 49 49 45 34 62 19 21 34 15 20 25 50 39 41 43 42 51 47 48 4 8 65 21 49 24 20
49 39 0 47 67 67 80 57 9 109 69 71 27 45 116 47 10 49 83 100 46 45 49 88 11 11 91 52 58 63 79 28 48 50 85 88 52 85 71 65 80 95 70 74 24 18 50 82 86 68 71 81 24 54 78 69 87 49 55 72 62 28 74 57 97 72 56 63 54 67 32 71 53 50 86 72 39 41 72 54 18 51 35 21 48 88 24 47 59 48 13 46 80 39 44 104 29 55 62 50
55 37 47 0 58 53 63 19 53 79 38 92 24 2 89 38 56 43 51 76 27 25 78 75 53 48 63 77 12 37 55 19 16 27 70 58 18 40 46 78 33 64 61 81 36 39 9 48 82 66 53 34 31 16 45 26 56 5 10 80 16 32 81 13 72 54 14 54 52 21 18 88 46 4 54 86 18 68 27 54 42 8 22 30 15 76 27 75 12 6 52 13 83 40 32 80 21 12 53 56
21 29 67 58 0 6 15 44 76 49 30 51 49 59 53 22 69 18 35 36 31 33 52 21 62 77 34 47 57 25 23 60 73 31 18 34 41 87 22 32 71 40 3 29 43 49 67 38 25 10 12 70 73 74 34 50 36 63 54 29 57 77 29 53 34 12 71 4 13 69 49 43 15 57 36 38 71 46 78 14 49 52 41 49 43 21 68 49 58 64 79 70 27 29 28 40 49 69 5 21
25 28 67 53 6 0 13 38 76 45 24 57 46 54 50 20 70 18 29 34 27 29 56 23 63 76 29 52 52 19 18 57 69 26 19 29 36 81 16 38 65 35 9 36 43 49 62 32 30 16 6 63 71 70 28 44 30 58 49 36 51 74 35 47 31 7 66 6 16 63 46 49 14 52 30 45 67 49 72 17 49 47 38 48 38 23 65 53 53 59 79 66 33 28 25 38 46 64 7 25
37 41 80 63 15 13 0 46 89 34 28 64 59 64 38 33 83 31 26 21 39 41 67 12 76 89 21 62 59 26 13 69 79 37 7 22 45 86 19 45 69 27 14 40 56 62 72 30 26 22 10 67 83 79 28 49 25 68 57 40 58 87 39 55 19 9 75 18 28 70 59 55 28 61 26 50 78 61 79 30 62 56 51 61 48 14 78 64 61 69 92 76 34 42 38 25 59 73 19 36
48 32 57 19 44 38 46 0 65 60 19 86 31 21 70 28 65 34 32 57 18 17 76 58 60 61 44 74 13 20 36 33 34 16 53 39 6 44 28 69 30 45 47 71 39 44 27 29 68 53 37 30 48 33 26 12 37 23 11 70 13 49 70 9 54 37 29 41 42 25 26 80 35 16 35 77 36 66 34 44 46 11 23 36 9 60 42 72 15 24 65 32 70 35 24 61 28 27 40 48
58 48 9 53 76 76 89 65 0 118 77 77 35 51 125 57 11 58 92 109 55 54 55 97 17 7 100 58 65 72 89 34 52 59 94 97 60 90 80 73 86 104 79 82 33 27 55 91 95 77 80 87 26 58 86 77 96 55 62 80 69 29 82 65 106 81 60 72 63 73 40 78 62 57 95 79 43 48 77 63 27 58 44 30 56 97 28 53 66 53 5 50 88 48 53 113 37 60 71 59
70 70 109 79 49 45 34 60 118 0 42 96 84 81 11 62 113 62 29 14 63 64 100 36 107 116 18 96 71 46 29 91 94 59 34 21 63 87 38 78 70 16 48 71 85 91 86 31 53 55 40 67 106 92 34 56 23 83 70 72 68 109 70 68 15 38 87 51 61 77 82 87 59 76 25 82 97 94 84 63 92 71 75 88 67 38 100 98 72 85 120 92 64 72 65 13 83 85 52 70
42 34 69 38 30 24 28 19 77 42 0 79 43 40 51 26 75 29 14 38 22 23 74 41 69 75 25 71 32 7 17 49 54 18 35 21 21 58 9 61 42 27 33 60 46 52 46 14 52 40 20 40 64 53 9 21 19 42 30 59 30 67 59 28 34 21 48 29 34 42 40 72 28 35 18 68 55 65 50 36 53 30 34 47 25 42 58 71 33 44 79 51 57 36 26 42 41 46 29 43
38 56 71 92 51 57 64 86 77 96 79 0 71 92 97 58 66 52 86 82 68 69 23 60 60 82 84 19 97 72 74 83 104 70 62 85 81 129 73 19 116 90 50 25 59 61 101 89 45 42 63 115 90 107 85 96 87 97 93 24 98 95 26 93 81 63 106 51 45 110 76 9 52 93 87 14 98 30 118 43 58 90 70 68 81 58 87 24 98 97 82 101 33 52 62 84 74 104 51 38
38 20 27 24 49 46 59 31 35 84 43 71 0 23 92 26 34 30 57 77 21 20 54 69 30 32 66 55 34 38 55 12 33 25 65 63 25 64 47 59 56 69 51 65 13 15 31 56 71 53 49 56 25 37 52 43 62 28 30 63 37 28 65 32 74 50 36 44 38 45 6 68 34 26 60 67 26 45 51 39 17 26 9 6 22 69 19 52 35 27 36 30 68 22 21 81 3 35 43 39
55 36 45 2 59 54 64 21 51 81 40 92 23 0 91 38 54 44 52 77 28 26 77 76 51 46 64 76 14 39 56 17 15 28 71 60 19 41 47 78 35 65 62 82 35 38 9 50 83 66 54 36 29 16 47 28 58 6 12 80 18 30 81 15 74 55 14 55 52 22 17 87 46 6 56 86 16 67 29 54 40 10 21 29 16 77 24 74 15 5 50 12 83 40 32 82 20 13 54 56
74 77 116 89 53 50 38 70 125 11 51 97 92 91 0 69 120 68 39 17 71 73 103 36 113 124 26 98 81 54 37 100 105 68 36 31 72 98 46 79 81 26 51 71 92 98 97 42 52 58 46 78 115 102 44 66 33 93 80 73 78 118 70 78 19 44 98 56 66 88 90 87 64 86 35 82 106 98 95 67 99 81 83 96 76 38 109 101 82 95 127 102 64 78 72 13 91 96 57 74
19 9 47 38 22 20 33 28 57 62 26 58 26 38 69 0 52 6 38 52 11 13 49 43 45 56 44 46 40 19 32 37 52 13 39 42 23 72 25 41 59 49 25 44 23 30 47 39 46 28 23 58 51 54 34 38 42 43 36 43 41 55 43 36 50 25 51 18 14 52 27 52 8 37 41 49 49 40 61 16 30 33 19 28 24 43 45 46 41 43 59 49 45 10 6 57 26 50 17 20
50 43 10 56 69 70 83 65 11 113 75 66 34 54 120 52 0 52 89 104 52 52 43 90 7 17 96 47 67 69 84 38 58 56 88 93 59 95 76 63 89 100 72 72 29 22 60 89 86 69 75 90 34 64 84 77 93 59 64 70 71 37 73 66 101 76 65 66 56 77 40 67 56 59 92 69 49 37 82 56 22 60 42 29 56 90 34 42 68 57 17 56 79 42 49 108 37 65 64 51
14 11 49 43 18 18 31 34 58 62 29 52 30 44 68 6 52 0 40 51 17 18 45 39 45 58 45 42 46 22 33 42 58 18 36 43 29 78 26 35 64 50 21 38 25 31 53 42 41 23 22 63 55 60 37 44 43 49 42 37 47 59 38 42 49 24 57 14 9 58 32 46 4 43 43 43 54 36 67 10 31 39 24 31 30 39 50 42 47 49 61 55 39 11 12 55 31 55 13 14
52 46 83 51 35 29 26 32 92 29 14 86 57 52 39 38 89 40 0 27 36 37 84 37 82 89 13 80 43 20 13 63 66 32 32 8 34 63 14 67 46 13 36 64 60 66 58 4 52 45 23 43 78 64 6 28 5 54 42 64 40 80 63 39 24 23 59 35 43 50 54 78 38 47 4 74 68 76 58 45 67 42 48 61 38 39 72 81 43 56 93 64 60 49 39 31 55 57 36 52
58 61 100 76 36 34 21 57 109 14 38 82 77 77 17 52 104 51 27 0 55 57 87 22 97 108 14 82 69 39 21 85 91 52 20 19 58 90 30 64 73 17 35 57 76 82 84 31 39 42 29 70 100 90 32 55 22 80 68 58 66 103 56 65 3 28 86 39 49 77 75 73 48 73 24 68 92 82 85 51 82 68 68 80 62 24 94 85 70 81 111 89 50 62 56 4 76 84 40 57
30 14 46 27 31 27 39 18 55 63 22 68 21 28 71 11 52 17 36 55 0 2 57 50 46 53 45 55 29 17 34 30 42 4 45 42 13 62 25 52 49 48 34 55 24 30 36 36 55 38 28 48 45 44 31 29 41 33 26 53 30 48 54 25 52 30 41 27 25 42 20 62 18 26 40 60 40 48 50 27 31 22 12 25 13 50 39 54 30 33 57 39 55 17 6 60 20 39 26 30
31 14 45 25 33 29 41 17 54 64 23 69 20 26 73 13 52 18 37 57 2 0 58 52 46 52 47 56 28 18 36 28 40 5 47 43 12 60 27 53 48 50 36 56 24 29 34 37 57 40 30 47 43 42 32 29 42 31 24 55 29 46 56 24 54 32 39 29 27 40 18 64 20 25 41 61 38 48 49 29 31 21 11 24 11 52 37 55 29 31 55 37 57 18 7 62 19 37 28 32
32 44 49 78 52 56 67 76 55 100 74 23 54 77 103 49 43 45 84 87 57 58 0 68 38 60 86 6 84 67 74 65 87 61 68 85 70 117 70 27 106 91 52 37 42 41 85 86 57 46 62 105 70 91 81 87 86 82 81 35 87 74 38 81 86 63 91 50 41 97 60 26 46 79 86 30 80 10 105 39 39 77 56 50 68 66 67 3 86 81 60 84 45 40 52 90 57 89 49 32
41 50 88 75 21 23 12 58 97 36 41 60 69 76 36 43 90 39 37 22 50 52 68 0 83 98 29 62 72 38 25 80 91 48 5 32 57 98 31 43 82 35 19 35 64 70 84 42 17 22 22 79 94 91 40 61 35 80 69 36 70 97 34 68 22 21 87 25 34 82 69 51 36 73 36 46 90 63 91 35 70 68 61 70 60 2 88 65 73 81 100 88 28 50 48 24 69 85 26 40
43 36 11 53 62 63 76 60 17 107 69 60 30 51 113 45 7 45 82 97 46 46 38 83 0 22 89 41 63 63 77 35 57 51 81 87 54 92 70 56 86 94 65 66 22 16 58 83 79 62 68 86 35 62 78 72 86 56 60 63 67 38 66 62 94 69 63 59 49 74 36 61 49 56 85 62 48 31 80 48 15 56 37 24 51 83 34 36 64 55 22 55 72 35 43 101 33 63 57 44
60 48 11 48 77 76 89 61 7 116 75 82 32 46 124 56 17 58 89 108 53 52 60 98 22 0 98 63 60 70 87 29 45 57 94 95 56 83 78 76 81 101 79 85 33 27 49 88 96 79 79 82 19 51 84 72 94 49 57 83 64 22 85 60 105 81 54 73 64 67 36 82 62 51 92 83 36 52 71 64 28 54 41 28 52 98 22 58 60 47 4 44 90 48 52 112 34 54 71 61
54 53 91 63 34 29 21 44 100 18 25 84 66 64 26 44 96 45 13 14 45 47 86 29 89 98 0 81 56 28 12 74 78 42 24 5 46 76 20 65 59 6 34 60 67 74 71 17 45 42 24 56 89 77 18 41 8 67 54 61 53 92 59 52 11 22 72 35 45 63 64 75 42 60 10 71 80 79 71 47 74 55 57 70 50 31 83 83 56 68 102 76 55 55 47 18 65 70 36 54
28 42 52 77 47 52 62 74 58 96 71 19 55 76 98 46 47 42 80 82 55 56 6 62 41 63 81 0 83 64 70 66 87 59 63 81 68 116 66 21 104 87 48 32 42 43 85 83 51 41 58 103 72 91 78 85 82 82 80 30 85 76 33 80 81 59 91 46 37 96 60 21 43 78 82 24 80 11 104 35 40 76 55 50 67 61 69 5 85 81 63 85 40 39 50 85 57 89 45 28
59 41 58 12 57 52 59 13 65 71 32 97 34 14 81 40 67 46 43 69 29 28 84 72 63 60 56 83 0 34 49 31 24 27 66 51 17 33 41 81 22 55 60 83 45 48 16 40 81 66 50 23 43 21 37 16 48 13 4 82 4 44 83 4 66 51 16 54 54 13 27 91 47 8 46 89 28 74 21 56 51 8 29 40 16 73 38 81 1 15 64 22 83 45 35 73 30 15 53 59
35 27 63 37 25 19 26 20 72 46 7 72 38 39 54 19 69 22 20 39 17 18 67 38 63 70 28 64 34 0 18 46 53 13 33 25 19 62 9 54 46 31 27 54 40 47 46 20 48 35 16 45 61 53 15 25 24 42 31 53 33 64 53 29 36 17 49 23 27 45 36 65 21 35 23 62 53 58 53 30 47 30 29 42 23 39 55 64 35 43 74 51 52 29 20 44 37 47 23 36
42 41 79 55 23 18 13 36 89 29 17 74 55 56 37 32 84 33 13 21 34 36 74 25 77 87 12 70 49 18 0 64 71 31 20 11 37 74 9 56 57 17 24 51 56 62 63 17 40 33 12 54 79 70 15 37 12 59 47 52 47 81 51 45 18 11 65 24 33 58 54 66 30 52 13 61 71 67 67 35 62 47 46 59 40 27 73 71 50 60 91 68 47 43 35 26 54 63 25 42
50 32 28 19 60 57 69 33 34 91 49 83 12 17 100 37 38 42 63 85 30 28 65 80 35 29 74 66 31 46 64 0 22 33 75 70 29 57 55 71 52 76 63 77 24 24 22 62 83 65 59 53 15 27 57 43 68 21 28 76 35 18 77 31 82 60 28 56 50 39 10 80 45 22 67 79 14 56 44 51 27 25 18 16 25 80 9 63 31 19 33 19 80 34 32 90 11 27 54 51
69 50 48 16 73 69 79 34 52 94 54 104 33 15 105 52 58 58 66 91 42 40 87 91 57 45 78 87 24 53 71 22 0 43 86 74 34 38 62 91 38 79 76 96 45 46 8 63 98 81 69 41 26 6 60 40 71 12 24 94 28 25 95 27 88 70 10 70 66 25 28 100 60 19 69 99 9 77 26 68 49 24 35 37 31 92 24 84 24 10 49 3 97 53 46 96 30 11 69 69
32 17 50 27 31 26 37 16 59 59 18 70 25 28 68 13 56 18 32 52 4 5 61 48 51 57 42 59 27 13 31 33 43 0 44 38 11 59 22 54 46 45 34 56 28 34 36 32 55 39 26 45 48 44 27 26 37 33 24 55 28 51 55 24 49 28 41 27 26 40 22 64 19 26 36 62 42 51 49 28 35 22 16 29 12 49 42 58 29 33 60 40 56 21 9 57 23 39 26 33
39 47 85 70 18 19 7 53 94 34 35 62 65 71 36 39 88 36 32 20 45 47 68 5 81 94 24 63 66 33 20 75 86 44 0 27 52 93 26 44 76 30 16 37 61 67 79 36 21 22 17 74 90 86 34 56 30 75 64 38 65 93 36 62 19 16 82 22 32 77 65 53 32 68 31 48 85 63 86 33 67 63 57 67 55 7 84 65 68 76 97 83 31 47 44 23 65 80 23 39
53 51 88 58 34 29 22 39 97 21 21 85 63 60 31 42 93 43 8 19 42 43 85 32 87 95 5 81 51 25 11 70 74 38 27 0 41 71 17 66 54 7 35 62 65 71 66 12 48 43 23 51 85 72 14 36 3 62 50 62 48 87 61 47 16 22 67 35 44 58 60 76 40 55 5 72 76 78 66 46 72 50 54 67 45 34 79 82 51 64 99 71 57 52 44 23 62 65 36 53
42 26 52 18 41 36 45 6 60 63 21 81 25 19 72 23 59 29 34 58 13 12 70 57 54 56 46 68 17 19 37 29 34 11 52 41 0 49 28 64 36 47 44 67 33 38 27 33 65 49 35 35 44 34 28 18 39 23 13 65 18 46 66 13 55 36 30 37 37 29 21 75 30 16 38 72 35 60 38 39 40 11 17 31 4 58 38 67 18 24 60 31 67 30 19 62 23 28 37 43
91 74 85 40 87 81 86 44 90 87 58 129 64 41 98 72 95 78 63 90 62 60 117 98 92 83 76 116 33 62 74 57 38 59 93 71 49 0 68 113 17 73 90 115 76 79 35 59 110 97 78 20 64 32 59 38 68 36 36 114 31 63 114 36 87 79 29 84 86 20 58 124 79 38 66 121 47 107 13 88 81 40 61 70 49 100 62 114 31 38 87 39 114 77 67 94 61 30 84 92
38 34 71 46 22 16 19 28 80 38 9 73 47 47 46 25 76 26 14 30 25 27 70 31 70 78 20 66 41 9 9 55 62 22 26 17 28 68 0 54 51 24 24 52 48 54 54 16 43 32 11 49 70 61 12 30 17 50 39 52 39 73 51 37 27 11 57 22 29 51 45 65 24 43 16 61 62 62 60 31 55 38 38 50 32 33 64 67 42 52 82 59 49 35 27 35 46 55 22 38
22 41 65 78 32 38 45 69 73 78 61 19 59 78 79 41 63 35 67 64 52 53 27 43 56 76 65 21 81 54 56 71 91 54 44 66 64 113 54 0 99 72 32 11 48 51 86 71 30 23 44 98 81 94 66 78 68 83 77 8 82 85 11 77 63 45 92 33 28 94 63 11 35 78 68 8 85 27 102 25 49 74 56 57 65 41 77 25 82 83 78 88 18 38 46 67 61 90 32 22
78 62 80 33 71 65 69 30 86 70 42 116 56 35 81 59 89 64 46 73 49 48 106 82 86 81 59 104 22 46 57 52 38 46 76 54 36 17 51 99 0 56 74 100 67 71 32 42 94 81 62 3 63 33 42 21 51 31 26 99 19 63 99 24 70 62 29 69 72 14 50 110 64 30 49 107 46 96 16 74 73 30 51 62 37 83 59 102 21 34 85 38 98 65 54 76 53 28 69 78
60 57 95 64 40 35 27 45 104 16 27 90 69 65 26 49 100 50 13 17 48 50 91 35 94 101 6 87 55 31 17 76 79 45 30 7 47 73 24 72 56 0 40 66 71 78 71 16 51 49 29 53 91 77 19 40 8 67 55 67 52 93 66 52 15 28 72 41 51 62 66 82 47 60 9 77 81 84 69 52 78 55 60 73 51 37 85 88 56 69 105 76 61 59 51 21 68 70 42 60
23 32 70 61 3 9 14 47 79 48 33 50 51 62 51 25 72 21 36 35 34 36 52 19 65 79 34 48 60 27 24 63 76 34 16 35 44 90 24 32 74 40 0 28 46 52 70 40 22 9 13 72 76 77 36 52 36 66 57 28 60 80 27 56 33 13 74 7 16 72 52 42 18 59 37 37 74 47 81 16 51 55 44 52 46 18 71 50 61 67 82 73 25 31 31 38 52 72 8 22
27 46 74 81 29 36 40 71 82 71 60 25 65 82 71 44 72 38 64 57 55 56 37 35 66 85 60 32 83 54 51 77 96 56 37 62 67 115 52 11 100 66 28 0 55 59 90 68 20 19 41 98 88 98 64 79 64 87 80 2 84 92 1 79 56 41 95 31 30 96 68 16 36 81 64 11 91 37 105 28 57 77 61 63 68 33 83 36 85 87 87 92 8 43 50 59 67 93 31 26
28 15 24 36 43 43 56 39 33 85 46 59 13 35 92 23 29 25 60 76 24 24 42 64 22 33 67 42 45 40 56 24 45 28 61 65 33 76 48 48 67 71 46 55 0 6 43 60 64 46 47 67 33 49 55 51 64 41 41 53 48 37 55 42 73 48 49 39 31 56 19 56 29 38 63 56 39 32 64 31 7 37 16 9 30 64 29 39 46 40 36 43 59 15 21 80 16 48 38 29
33 21 18 39 49 49 62 44 27 91 52 61 15 38 98 30 22 31 66 82 30 29 41 70 16 27 74 43 48 47 62 24 46 34 67 71 38 79 54 51 71 78 52 59 6 0 45 66 69 51 53 71 30 51 61 56 70 43 45 57 52 34 59 47 79 54 51 45 37 59 21 59 35 41 69 59 38 32 66 37 3 41 21 9 35 70 26 39 49 42 30 43 64 21 27 86 18 50 44 34
64 45 50 9 67 62 72 27 55 86 46 101 31 9 97 47 60 53 58 84 36 34 85 84 58 49 71 85 16 46 63 22 8 36 79 66 27 35 54 86 32 71 70 90 43 45 0 55 92 75 62 34 30 7 52 32 63 4 16 89 20 30 90 19 81 63 6 63 61 18 25 96 55 11 61 95 14 75 22 63 48 16 30 36 24 85 27 82 16 4 53 6 92 49 41 88 28 5 63 65
54 47 82 48 38 32 30 29 91 31 14 89 56 50 42 39 89 42 4 31 36 37 86 42 83 88 17 83 40 20 17 62 63 32 36 12 33 59 16 71 42 16 40 68 60 66 55 0 57 48 27 39 76 61 5 25 9 51 39 68 36 79 67 36 28 26 56 38 46 46 53 81 40 45 7 77 66 78 54 48 67 40 47 61 37 44 71 83 40 53 92 61 64 50 40 35 54 54 39 54
37 51 86 82 25 30 26 68 95 53 52 45 71 83 52 46 86 41 52 39 55 57 57 17 79 96 45 51 81 48 40 83 98 55 21 48 65 110 43 30 94 51 22 20 64 69 92 57 0 18 32 92 96 99 54 73 51 88 78 22 81 100 19 77 39 32 96 28 33 93 73 36 38 81 52 31 95 54 102 33 68 76 65 71 67 15 91 55 83 88 99 95 12 50 52 40 72 94 29 36
19 33 68 66 10 16 22 53 77 55 40 42 53 66 58 28 69 23 45 42 38 40 46 22 62 79 42 41 66 35 33 65 81 39 22 43 49 97 32 23 81 49 9 19 46 51 75 48 18 0 21 79 78 82 44 60 45 71 63 19 66 81 19 62 40 22 79 12 15 78 55 33 20 65 46 29 77 41 87 15 50 60 47 53 51 21 72 43 67 71 81 77 17 32 34 45 54 77 13 19
31 32 71 53 12 6 10 37 80 40 20 63 49 54 46 23 75 22 23 29 28 30 62 22 68 79 24 58 50 16 12 59 69 26 17 23 35 78 11 44 62 29 13 41 47 53 62 27 32 21 0 60 73 69 23 41 24 58 48 41 49 76 40 46 26 1 65 12 22 61 48 54 19 51 25 50 68 55 70 23 53 46 40 51 38 23 67 59 51 59 82 66 38 33 28 33 48 63 13 30
77 61 81 34 70 63 67 30 87 67 40 115 56 36 78 58 90 63 43 70 48 47 105 79 86 82 56 103 23 45 54 53 41 45 74 51 35 20 49 98 3 53 72 98 67 71 34 39 92 79 60 0 64 36 40 20 48 33 26 98 19 65 98 25 67 60 31 67 70 16 50 109 63 31 46 106 48 95 19 72 73 30 51 63 37 81 60 102 22 35 86 40 97 65 54 74 53 30 67 77
61 45 24 31 73 71 83 48 26 106 64 90 25 29 115 51 34 55 78 100 45 43 70 94 35 19 89 72 43 61 79 15 26 48 90 85 44 64 70 81 63 91 76 88 33 30 30 76 96 78 73 64 0 32 72 57 83 31 41 86 47 4 88 44 97 74 35 69 63 49 25 89 58 35 82 89 17 61 52 63 33 38 33 25 40 94 6 68 43 29 23 25 92 46 46 104 25 35 68 62
71 52 54 16 74 70 79 33 58 92 53 107 37 16 102 54 64 60 64 90 44 42 91 91 62 51 77 91 21 53 70 27 6 44 86 72 34 32 61 94 33 77 77 98 49 51 7 61 99 82 69 36 32 0 58 37 69 11 22 96 25 31 97 25 87 70 5 71 68 19 31 103 62 18 67 102 15 81 20 70 53 23 37 42 31 92 30 88 21 11 55 8 99 56 48 94 34 7 70 72
49 42 78 45 34 28 28 26 86 34 9 85 52 47 44 34 84 37 6 32 31 32 81 40 78 84 18 78 37 15 15 57 60 27 34 14 28 59 12 66 42 19 36 64 55 61 52 5 54 44 23 40 72 58 0 23 11 48 36 64 34 75 63 34 29 23 54 34 41 45 48 77 35 42 9 73 62 73 53 43 62 37 42 56 33 42 67 78 38 50 87 58 60 45 35 36 50 52 34 50
57 43 69 26 50 44 49 12 77 56 21 96 43 28 66 38 77 44 28 55 29 29 87 61 72 72 41 85 16 25 37 43 40 26 56 36 18 38 30 78 21 40 52 79 51 56 32 25 73 60 41 20 57 37 23 0 33 28 16 78 12 59 78 13 52 41 32 48 51 22 37 89 44 23 31 86 44 77 30 53 58 19 35 48 21 63 52 84 16 30 76 38 77 46 35 59 40 30 47 58
54 50 87 56 36 30 25 37 96 23 19 87 62 58 33 42 93 43 5 22 41 42 86 35 86 94 8 82 48 24 12 68 71 37 30 3 39 68 17 68 51 8 36 64 64 70 63 9 51 45 24 48 83 69 11 33 0 60 47 64 45 86 63 45 19 23 65 36 45 55 59 78 41 53 2 74 73 78 63 47 71 48 52 66 44 37 77 83 49 61 97 69 59 52 43 26 60 63 37 54
61 42 49 5 63 58 68 23 55 83 42 97 28 6 93 43 59 49 54 80 33 31 82 80 56 49 67 82 13 42 59 21 12 33 75 62 23 36 50 83 31 67 66 87 41 43 4 51 88 71 58 33 31 11 48 28 60 0 13 85 17 32 86 15 77 59 9 59 57 18 22 93 51 7 58 91 16 72 23 59 46 12 27 34 20 81 27 79 13 2 53 9 88 45 37 84 25 7 59 61
55 38 55 10 54 49 57 11 62 70 30 93 30 12 80 36 64 42 42 68 26 24 81 69 60 57 54 80 4 31 47 28 24 24 64 50 13 36 39 77 26 55 57 80 41 45 16 39 78 63 48 26 41 22 36 16 47 13 0 79 7 42 79 3 65 48 18 51 50 16 24 88 44 6 45 85 28 71 25 52 47 4 25 36 13 71 36 78 5 14 61 22 80 41 31 72 27 16 50 56
26 44 72 80 29 36 40 70 80 72 59 24 63 80 73 43 70 37 64 58 53 55 35 36 63 83 61 30 82 53 52 76 94 55 38 62 65 114 52 8 99 67 28 2 53 57 89 68 22 19 41 98 86 96 64 78 64 85 79 0 83 90 3 78 57 41 94 31 28 95 67 15 35 80 65 10 89 35 103 26 55 76 59 61 66 34 82 34 83 85 85 91 10 41 48 60 65 92 30 25
60 43 62 16 57 51 58 13 69 68 30 98 37 18 78 41 71 47 40 66 30 29 87 70 67 64 53 85 4 33 47 35 28 28 65 48 18 31 39 82 19 52 60 84 48 52 20 36 81 66 49 19 47 25 34 12 45 17 7 83 0 48 83 5 63 50 20 54 55 12 31 93 48 13 43 90 33 77 21 57 54 11 32 43 18 72 43 84 4 19 68 26 83 47 36 71 34 18 53 61
65 48 28 32 77 74 87 49 29 109 67 95 28 30 118 55 37 59 80 103 48 46 74 97 38 22 92 76 44 64 81 18 25 51 93 87 46 63 73 85 63 93 80 92 37 34 30 79 100 81 76 65 4 31 75 59 86 32 42 90 48 0 92 45 100 78 35 73 66 49 28 93 62 36 84 93 16 65 51 67 37 40 36 29 42 98 9 72 44 30 25 25 96 50 49 107 28 35 72 66
27 46 74 81 29 35 39 70 82 70 59 26 65 81 70 43 73 38 63 56 54 56 38 34 66 85 59 33 83 53 51 77 95 55 36 61 66 114 51 11 99 66 27 1 55 59 90 67 19 19 40 98 88 97 63 78 63 86 79 3 83 92 0 79 55 40 95 30 29 95 68 17 36 80 64 12 91 38 104 27 57 77 61 63 67 32 83 37 84 87 87 92 7 43 49 58 66 93 30 26
55 38 57 13 53 47 55 9 65 68 28 93 32 15 78 36 66 42 39 65 25 24 81 68 62 60 52 80 4 29 45 31 27 24 62 47 13 36 37 77 24 52 56 79 42 47 19 36 77 62 46 25 44 25 34 13 45 15 3 78 5 45 79 0 62 47 20 50 50 16 26 88 43 9 43 85 30 72 25 52 49 6 26 38 13 69 39 78 5 17 64 25 79 42 31 70 29 18 49 56
56 58 97 72 34 31 19 54 106 15 34 81 74 74 19 50 101 49 24 3 52 54 86 22 94 105 11 81 66 36 18 82 88 49 19 16 55 87 27 63 70 15 33 56 73 79 81 28 39 40 26 67 97 87 29 52 19 77 65 57 63 100 55 62 0 25 82 37 47 74 72 72 45 70 21 67 89 80 82 48 79 65 65 77 59 24 91 83 67 78 108 86 50 59 53 8 73 80 38 55
32 33 72 54 12 7 9 37 81 38 21 63 50 55 44 25 76 24 23 28 30 32 63 21 69 81 22 59 51 17 11 60 70 28 16 22 36 79 11 45 62 28 13 41 48 54 63 26 32 22 1 60 74 70 23 41 23 59 48 41 50 78 40 47 25 0 66 13 23 62 49 55 20 52 24 51 69 56 71 25 54 47 42 52 39 22 69 60 52 60 84 67 38 34 29 32 50 64 14 32
69 50 56 14 71 66 75 29 60 87 48 106 36 14 98 51 65 57 59 86 41 39 91 87 63 54 72 91 16 49 65 28 10 41 82 67 30 29 57 92 29 72 74 95 49 51 6 56 96 79 65 31 35 5 54 32 65 9 18 94 20 35 95 20 82 66 0 67 66 15 30 102 59 15 63 100 18 81 17 68 54 19 36 42 28 88 32 88 16 9 58 10 96 54 46 90 33 2 67 70
19 25 63 54 4 6 18 41 72 51 29 51 44 55 56 18 66 14 35 39 27 29 50 25 59 73 35 46 54 23 24 56 70 27 22 35 37 84 22 33 69 41 7 31 39 45 63 38 28 12 12 67 69 71 34 48 36 59 51 31 54 73 30 50 37 13 67 0 10 66 45 43 11 53 36 39 67 43 75 12 45 48 37 45 39 25 64 47 55 60 75 66 30 25 24 43 45 66 1 19
9 18 54 52 13 16 28 42 63 61 34 45 38 52 66 14 56 9 43 49 25 27 41 34 49 64 45 37 54 27 33 50 66 26 32 44 37 86 29 28 72 51 16 30 31 37 61 46 33 15 22 70 63 68 41 51 45 57 50 28 55 66 29 50 47 23 66 10 0 66 40 38 7 51 45 35 63 34 75 2 36 48 32 38 38 34 57 38 55 58 67 63 31 16 20 53 39 64 9 9
71 54 67 21 69 63 70 25 73 77 42 110 45 22 88 52 77 58 50 77 42 40 97 82 74 67 63 96 13 45 58 39 25 40 77 58 29 20 51 94 14 62 72 96 56 59 18 46 93 78 61 16 49 19 45 22 55 18 16 95 12 49 95 16 74 62 15 66 66 0 38 104 59 18 53 102 32 87 9 68 62 20 41 51 29 84 45 94 11 20 71 24 95 57 47 81 41 14 65 72
41 23 32 18 49 46 59 26 40 82 40 76 6 17 90 27 40 32 54 75 20 18 60 69 36 36 64 60 27 36 54 10 28 22 65 60 21 58 45 63 50 66 52 68 19 21 25 53 73 55 48 50 25 31 48 37 59 22 24 67 31 28 68 26 72 49 30 45 40 38 0 72 35 20 57 71 23 50 45 41 24 20 8 12 17 70 19 57 28 21 40 25 71 25 21 79 3 29 44 42
33 51 71 88 43 49 55 80 78 87 72 9 68 87 87 52 67 46 78 73 62 64 26 51 61 82 75 21 91 65 66 80 100 64 53 76 75 124 65 11 110 82 42 16 56 59 96 81 36 33 54 109 89 103 77 89 78 93 88 15 93 93 17 88 72 55 102 43 38 104 72 0 45 88 79 5 94 30 113 36 56 85 66 65 75 49 85 26 93 93 83 97 24 48 57 75 70 100 43 32
15 14 53 46 15 14 28 35 62 59 28 52 34 46 64 8 56 4 38 48 18 20 46 36 49 62 42 43 47 21 30 45 60 19 32 40 30 79 24 35 64 47 18 36 29 35 55 40 38 20 19 63 58 62 35 44 41 51 44 35 48 62 36 43 45 20 59 11 7 59 35 45 0 45 40 42 57 38 68 9 35 41 27 35 31 36 53 43 48 51 65 57 37 14 14 52 34 57 9 15
55 37 50 4 57 52 61 16 57 76 35 93 26 6 86 37 59 43 47 73 26 25 79 73 56 51 60 78 8 35 52 22 19 26 68 55 16 38 43 78 30 60 59 81 38 41 11 45 81 65 51 31 35 18 42 23 53 7 6 80 13 36 80 9 70 52 15 53 51 18 20 88 45 0 51 86 21 69 26 53 44 5 23 32 14 74 30 76 9 9 56 16 82 40 31 77 23 13 52 56
54 49 86 54 36 30 26 35 95 25 18 87 60 56 35 41 92 43 4 24 40 41 86 36 85 92 10 82 46 23 13 67 69 36 31 5 38 66 16 68 49 9 37 64 63 69 61 7 52 46 25 46 82 67 9 31 2 58 45 65 43 84 64 43 21 24 63 36 45 53 57 79 40 51 0 74 72 78 61 47 70 46 51 65 42 38 76 83 47 60 96 67 60 52 42 28 59 61 37 54
31 49 72 86 38 45 50 77 79 82 68 14 67 86 82 49 69 43 74 68 60 61 30 46 62 83 71 24 89 62 61 79 99 62 48 72 72 121 61 8 107 77 37 11 56 59 95 77 31 29 50 106 89 102 73 86 74 91 85 10 90 93 12 85 67 51 100 39 35 102 71 5 42 86 74 0 93 32 110 33 56 82 64 64 73 44 84 29 90 91 84 96 19 46 54 70 69 98 39 30
64 45 39 18 71 67 78 36 43 97 55 98 26 16 106 49 49 54 68 92 40 38 80 90 48 36 80 80 28 53 71 14 9 42 85 76 35 47 62 85 46 81 74 91 39 38 14 66 95 77 68 48 17 15 62 44 73 16 28 89 33 16 91 30 89 69 18 67 63 32 23 94 57 21 72 93 0 70 35 64 41 26 30 30 31 91 15 77 29 14 40 8 93 48 43 97 24 18 66 65
25 34 41 68 46 49 61 66 48 94 65 30 45 67 98 40 37 36 76 82 48 48 10 63 31 52 79 11 74 58 67 56 77 51 63 78 60 107 62 27 96 84 47 37 32 32 75 78 54 41 55 95 61 81 73 77 78 72 71 35 77 65 38 72 80 56 81 43 34 87 50 30 38 69 78 32 70 0 95 32 29 67 46 40 59 62 58 7 76 72 53 74 44 31 42 85 47 79 42 25
80 62 72 27 78 72 79 34 77 84 50 118 51 29 95 61 82 67 58 85 50 49 105 91 80 71 71 104 21 53 67 44 26 49 86 66 38 13 60 102 16 69 81 105 64 66 22 54 102 87 70 19 52 20 53 30 63 23 25 103 21 51 104 25 82 71 17 75 75 9 45 113 68 26 61 110 35 95 0 77 69 28 49 57 38 92 49 102 20 25 75 27 104 66 56 89 48 17 74 81
7 19 54 54 14 17 30 44 63 63 36 43 39 54 67 16 56 10 45 51 27 29 39 35 48 64 47 35 56 30 35 51 68 28 33 46 39 88 31 25 74 52 16 28 31 37 63 48 33 15 23 72 63 70 43 53 47 59 52 26 57 67 27 52 48 25 68 12 2 68 41 36 9 53 47 33 64 32 77 0 36 49 34 38 40 34 58 36 57 59 67 65 29 17 22 54 40 66 10 7
31 21 18 42 49 49 62 46 27 92 53 58 17 40 99 30 22 31 67 82 31 31 39 70 15 28 74 40 51 47 62 27 49 35 67 72 40 81 55 49 73 78 51 57 7 3 48 67 68 50 53 73 33 53 62 58 71 46 47 55 54 37 57 49 79 54 54 45 36 62 24 56 35 44 70 56 41 29 69 36 0 43 23 12 37 70 29 36 52 44 31 46 62 21 28 86 21 52 44 32
52 34 51 8 52 47 56 11 58 71 30 90 26 10 81 33 60 39 42 68 22 21 77 68 56 54 55 76 8 30 47 25 24 22 63 50 11 40 38 74 30 55 55 77 37 41 16 40 76 60 46 30 38 23 37 19 48 12 4 76 11 40 77 6 65 47 19 48 48 20 20 85 41 5 46 82 26 67 28 49 43 0 21 32 9 69 33 74 9 14 58 21 77 38 28 72 23 17 48 53
34 15 35 22 41 38 51 23 44 75 34 70 9 21 83 19 42 24 48 68 12 11 56 61 37 41 57 55 29 29 46 18 35 16 57 54 17 61 38 56 51 60 44 61 16 21 30 47 65 47 40 51 33 37 42 35 52 27 25 59 32 36 61 26 65 42 36 37 32 41 8 66 27 23 51 64 30 46 49 34 23 21 0 14 14 62 27 53 30 27 45 31 63 18 13 72 8 34 36 35
36 20 21 30 49 48 61 36 30 88 47 68 6 29 96 28 29 31 61 80 25 24 50 70 24 28 70 50 40 42 59 16 37 29 67 67 31 70 50 57 62 73 52 63 9 9 36 61 71 53 51 63 25 42 56 48 66 34 36 61 43 29 63 38 77 52 42 45 38 51 12 65 35 32 65 64 30 40 57 38 12 32 14 0 27 70 20 47 41 33 32 35 67 21 23 84 9 41 44 37
43 25 48 15 43 38 48 9 56 67 25 81 22 16 76 24 56 30 38 62 13 11 68 60 51 52 50 67 16 23 40 25 31 12 55 45 4 49 32 65 37 51 46 68 30 35 24 37 67 51 38 37 40 31 33 21 44 20 13 66 18 42 67 13 59 39 28 39 38 29 17 75 31 14 42 73 31 59 38 40 37 9 14 27 0 61 34 65 18 21 56 28 68 29 18 66 19 26 39 43
40 50 88 76 21 23 14 60 97 38 42 58 69 77 38 43 90 39 39 24 50 52 66 2 83 98 31 61 73 39 27 80 92 49 7 34 58 100 33 41 83 37 18 33 64 70 85 44 15 21 23 81 94 92 42 63 37 81 71 34 72 98 32 69 24 22 88 25 34 84 70 49 36 74 38 44 91 62 92 34 70 69 62 70 61 0 88 64 74 82 100 89 26 50 49 26 69 86 26 40
56 39 24 27 68 65 78 42 28 100 58 87 19 24 109 45 34 50 72 94 39 37 67 88 34 22 83 69 38 55 73 9 24 42 84 79 38 62 64 77 59 85 71 83 29 26 27 71 91 72 67 60 6 30 67 52 77 27 36 82 43 9 83 39 91 69 32 64 57 45 19 85 53 30 76 84 15 58 49 58 29 33 27 20 34 88 0 65 39 25 26 22 87 41 40 99 19 32 62 57
29 41 47 75 49 53 64 72 53 98 71 24 52 74 101 46 42 42 81 85 54 55 3 65 36 58 83 5 81 64 71 63 84 58 65 82 67 114 67 25 102 88 50 36 39 39 82 83 55 43 59 102 68 88 78 84 83 79 78 34 84 72 37 78 83 60 88 47 38 94 57 26 43 76 83 29 77 7 102 36 36 74 53 47 65 64 65 0 83 79 58 81 44 37 48 88 54 86 46 29
60 43 59 12 58 53 61 15 66 72 33 98 35 15 82 41 68 47 43 70 30 29 86 73 64 60 56 85 1 35 50 31 24 29 68 51 18 31 42 82 21 56 61 85 46 49 16 40 83 67 51 22 43 21 38 16 49 13 5 83 4 44 84 5 67 52 16 55 55 11 28 93 48 9 47 90 29 76 20 57 52 9 30 41 18 74 39 83 0 15 65 22 85 46 36 74 32 14 55 61
60 42 48 6 64 59 69 24 53 85 44 97 27 5 95 43 57 49 56 81 33 31 81 81 55 47 68 81 15 43 60 19 10 33 76 64 24 38 52 83 34 69 67 87 40 42 4 53 88 71 59 35 29 11 50 30 61 2 14 85 19 30 87 17 78 60 9 60 58 20 21 93 51 9 60 91 14 72 25 59 44 14 27 33 21 82 25 79 15 0 51 8 88 45 37 86 24 8 59 61
62 51 13 52 79 79 92 65 5 120 79 82 36 50 127 59 17 61 93 111 57 55 60 100 22 4 102 63 64 74 91 33 49 60 97 99 60 87 82 78 85 105 82 87 36 30 53 92 99 81 82 86 23 55 87 76 97 53 61 85 68 25 87 64 108 84 58 75 67 71 40 83 65 56 96 84 40 53 75 67 31 58 45 32 56 100 26 58 65 51 0 48 92 51 55 116 38 58 74 63
65 47 46 13 70 66 76 32 50 92 51 101 30 12 102 49 56 55 64 89 39 37 84 88 55 44 76 85 22 51 68 19 3 40 83 71 31 39 59 88 38 76 73 92 43 43 6 61 95 77 66 40 25 8 58 38 69 9 22 91 26 25 92 25 86 67 10 66 63 24 25 97 57 16 67 96 8 74 27 65 46 21 31 35 28 89 22 81 22 8 48 0 94 50 43 93 27 10 66 66
31 48 80 83 27 33 34 70 88 64 57 33 68 83 64 45 79 39 60 50 55 57 45 28 72 90 55 40 83 52 47 80 97 56 31 57 67 114 49 18 98 61 25 8 59 64 92 64 12 17 38 97 92 99 60 77 59 88 80 10 83 96 7 79 50 38 96 30 31 95 71 24 37 82 60 19 93 44 104 29 62 77 63 67 68 26 87 44 85 88 92 94 0 46 51 52 69 94 30 30
16 4 39 40 29 28 42 35 48 72 36 52 22 40 78 10 42 11 49 62 17 18 40 50 35 48 55 39 45 29 43 34 53 21 47 52 30 77 35 38 65 59 31 43 15 21 49 50 50 32 33 65 46 56 45 46 52 45 41 41 47 50 43 42 59 34 54 25 16 57 25 48 14 40 52 46 48 31 66 17 21 38 18 21 29 50 41 37 46 45 51 50 46 0 11 66 24 52 23 17
24 8 44 32 28 25 38 24 53 65 26 62 21 32 72 6 49 12 39 56 6 7 52 48 43 52 47 50 35 20 35 32 46 9 44 44 19 67 27 46 54 51 31 50 21 27 41 40 52 34 28 54 46 48 35 35 43 37 31 48 36 49 49 31 53 29 46 24 20 47 21 57 14 31 42 54 43 42 56 22 28 28 13 23 18 49 40 48 36 37 55 43 51 11 0 60 21 44 23 25
61 65 104 80 40 38 25 61 113 13 42 84 81 82 13 57 108 55 31 4 60 62 90 24 101 112 18 85 73 44 26 90 96 57 23 23 62 94 35 67 76 21 38 59 80 86 88 35 40 45 33 74 104 94 36 59 26 84 72 60 71 107 58 70 8 32 90 43 53 81 79 75 52 77 28 70 97 85 89 54 86 72 72 84 66 26 99 88 74 86 116 93 52 66 60 0 80 88 44 61
39 21 29 21 49 46 59 28 37 83 41 74 3 20 91 26 37 31 55 76 20 19 57 69 33 34 65 57 30 37 54 11 30 23 65 62 23 61 46 61 53 68 52 67 16 18 28 54 72 54 48 53 25 34 50 40 60 25 27 65 34 28 66 29 73 50 33 45 39 41 3 70 34 23 59 69 24 47 48 40 21 23 8 9 19 69 19 54 32 24 38 27 69 24 21 80 0 32 44 40
67 49 55 12 69 64 73 27 60 85 46 104 35 13 96 50 65 55 57 84 39 37 89 85 63 54 70 89 15 47 63 27 11 39 80 65 28 30 55 90 28 70 72 93 48 50 5 54 94 77 63 30 35 7 52 30 63 7 16 92 18 35 93 18 80 64 2 66 64 14 29 100 57 13 61 98 18 79 17 66 52 17 34 41 26 86 32 86 14 8 58 10 94 52 44 88 32 0 65 68
18 24 62 53 5 7 19 40 71 52 29 51 43 54 57 17 64 13 36 40 26 28 49 26 57 71 36 45 53 23 25 54 69 26 23 36 37 84 22 32 69 42 8 31 38 44 63 39 29 13 13 67 68 70 34 47 37 59 50 30 53 72 30 49 38 14 67 1 9 65 44 43 9 52 37 39 66 42 74 10 44 48 36 44 39 26 62 46 55 59 74 66 30 23 23 44 44 65 0 17
1 20 50 56 21 25 36 48 59 70 43 38 39 56 74 20 51 14 52 57 30 32 32 40 44 61 54 28 59 36 42 51 69 33 39 53 43 92 38 22 78 60 22 26 29 34 65 54 36 19 30 77 62 72 50 58 54 61 56 25 61 66 26 56 55 32 70 19 9 72 42 32 15 56 54 30 65 25 81 7 32 53 35 37 43 40 57 29 61 61 63 66 30 17 25 61 40 68 17 0
